2.955660e-01 
2.183393e+01 
5.044535e-05 
5.044535e-05 
5.405469e+00 
1.262027e+02 
4.944187e-01 
1.089816e-02 
7.192267e+00 
8.656154e+01 
1.710812e-01 
7.409522e-03 
5.591940e-01 
2.083889e+01 
6.819827e-03 
6.819827e-03 
4.056700e-02 
4.106014e+01 
5.763346e-05 
5.763346e-05 
6.483422e+00 
1.791602e+02 
3.326773e-03 
5.679403e-05 
8.813552e+00 
1.861207e+02 
1.612264e-03 
1.644210e-05 
1.006830e-01 
5.336151e+01 
3.759156e-05 
3.759156e-05 
1.383000e-03 
1.620574e+02 
5.768485e-05 
5.768485e-05 
9.295000e-03 
3.510606e+01 
1.995240e-06 
1.995240e-06 
2.271000e-02 
4.771112e+01 
1.978663e-06 
1.978663e-06 
3.570000e-03 
1.352931e+02 
3.522334e-05 
3.522334e-05 
3.880000e-03 
4.739196e+00 
5.688488e-05 
5.688488e-05 
2.848400e-02 
2.581686e+01 
4.230035e-04 
5.958213e-05 
3.715000e-02 
4.600345e+01 
6.854697e-05 
2.450442e-05 
4.957000e-03 
6.428284e+00 
5.787402e-05 
5.787402e-05 
4.019000e-03 
1.270385e+01 
5.406293e-05 
5.406293e-05 
1.034490e-01 
5.290334e+00 
5.590555e-05 
5.590555e-05 
1.900980e-01 
5.954841e+00 
5.574224e-05 
5.574224e-05 
7.452000e-03 
1.142812e+01 
2.481663e-05 
2.481663e-05 
1.221670e-01 
1.250192e+01 
5.634987e-05 
5.634987e-05 
4.236563e+00 
9.897164e+00 
9.726474e-01 
5.744919e-04 
6.920165e+00 
1.236241e+01 
9.108535e-01 
5.720950e-04 
2.450890e-01 
1.017219e+01 
3.956951e-04 
3.956951e-04 
2.588400e-02 
1.644300e+01 
5.765848e-05 
5.765848e-05 
2.914000e-01 
1.448041e+01 
8.507261e-02 
5.711999e-04 
5.826020e-01 
2.132745e+01 
2.340466e-01 
5.745971e-04 
5.635200e-02 
1.072737e+01 
9.223297e-05 
9.223297e-05 
6.967600e-02 
8.728801e+00 
5.752055e-05 
5.752055e-05 
5.086583e+00 
6.507369e+00 
6.705624e-01 
2.876712e-04 
1.035297e+01 
8.978341e+00 
9.621786e-02 
2.865185e-04 
1.516450e-01 
6.979800e+00 
1.746111e-04 
1.746111e-04 
1.011560e-01 
8.101319e+00 
5.770834e-05 
5.770834e-05 
2.328055e+00 
7.469224e+00 
1.304773e-02 
5.774276e-05 
4.477871e+01 
8.106125e+00 
3.716835e-03 
5.722526e-05 
3.100100e-01 
7.574916e+00 
4.392707e-05 
4.392707e-05 
4.647300e-02 
3.299143e+01 
3.219005e-05 
3.219005e-05 
1.793806e+00 
1.805765e+01 
1.894230e-04 
1.892136e-04 
2.695362e+00 
1.472808e+01 
2.492076e-04 
2.493149e-04 
1.156170e-01 
3.345433e+01 
8.047512e-05 
8.047512e-05 
