5.504010e-01 
4.854039e+00 
2.215832e-03 
2.215832e-03 
5.875123e+00 
6.444638e+01 
1.428538e-01 
2.884933e-03 
7.088231e+00 
7.820007e+01 
4.663832e-02 
5.601580e-04 
6.117230e-01 
7.298246e+00 
1.291256e-03 
1.291256e-03 
7.818800e-02 
4.868823e+00 
7.372791e-06 
7.372791e-06 
6.591028e+00 
8.605846e+01 
4.698485e-04 
8.268029e-06 
8.870578e+00 
6.916323e+01 
1.868520e-04 
1.474702e-06 
1.116770e-01 
5.084714e+00 
5.363409e-06 
5.363409e-06 
3.238000e-03 
5.249263e+00 
7.415340e-06 
7.415340e-06 
7.557000e-03 
6.522293e+01 
5.244549e-05 
9.833133e-06 
2.087500e-02 
7.801905e+01 
1.260001e-05 
2.461051e-06 
4.947000e-03 
5.863575e+00 
5.386604e-06 
5.386604e-06 
2.695000e-03 
4.027386e+00 
1.375700e-05 
1.375700e-05 
2.803300e-02 
5.532503e+01 
6.747835e-05 
1.417445e-05 
3.651600e-02 
5.952381e+01 
1.287643e-05 
2.754023e-06 
4.638000e-03 
3.803773e+00 
1.413251e-05 
1.413251e-05 
5.220000e-03 
4.604834e+00 
7.996930e-06 
7.996930e-06 
1.038230e-01 
4.852003e+00 
1.311158e-05 
9.368555e-06 
1.916770e-01 
4.785047e+00 
3.814258e-05 
9.257967e-06 
6.260000e-03 
9.212419e+00 
3.428170e-06 
3.428170e-06 
2.102930e-01 
4.753322e+00 
1.433454e-04 
1.433454e-04 
4.354917e+00 
5.733919e+00 
1.283095e+00 
1.469476e-04 
7.022626e+00 
5.978730e+00 
8.234153e-01 
1.470189e-04 
2.746150e-01 
5.477281e+00 
9.950706e-05 
9.950706e-05 
6.237000e-02 
4.181778e+00 
1.161959e-04 
1.161959e-04 
3.183520e-01 
6.744169e+00 
2.240935e-02 
1.355926e-04 
5.998800e-01 
6.951596e+00 
5.170605e-02 
1.223579e-04 
7.911100e-02 
4.010475e+00 
2.110320e-05 
2.110320e-05 
1.156360e-01 
4.275142e+00 
5.977671e-05 
5.977671e-05 
5.149189e+00 
4.532619e+00 
2.522017e-01 
5.988662e-05 
1.055759e+01 
4.822848e+00 
1.456870e-01 
5.980341e-05 
1.761070e-01 
4.228666e+00 
3.727202e-05 
3.727202e-05 
1.415710e-01 
4.466577e+00 
8.812573e-06 
8.812573e-06 
2.296564e+00 
4.326163e+00 
3.400006e-03 
8.811624e-06 
4.504811e+01 
4.506242e+00 
7.657289e-04 
8.813048e-06 
3.456060e-01 
4.198893e+00 
6.707284e-06 
6.707284e-06 
5.361200e-02 
1.001851e+01 
4.330877e-05 
4.330877e-05 
1.757711e+00 
1.586919e+01 
4.962104e-05 
4.738548e-05 
2.584259e+00 
1.392013e+01 
4.872038e-05 
4.848013e-05 
1.209250e-01 
1.017808e+01 
2.160110e-05 
2.160110e-05 
