1.921980e-01 
9.530700e-02 
2.183167e+01 
5.042384e+00 
6.909600e-02 
1.262027e+02 
6.858891e+00 
6.399400e-02 
8.630492e+01 
4.638210e-01 
8.926400e-02 
2.083900e+01 
2.416200e-02 
1.362800e-02 
4.106014e+01 
6.369792e+00 
3.057400e-02 
1.791602e+02 
8.675455e+00 
3.029600e-02 
1.861207e+02 
8.318200e-02 
1.568300e-02 
5.336151e+01 
1.166000e-03 
3.240000e-04 
1.620574e+02 
7.084000e-03 
6.430000e-04 
3.510606e+01 
2.094600e-02 
5.820000e-04 
4.767641e+01 
3.300000e-03 
3.980000e-04 
1.339657e+02 
2.416000e-03 
1.346000e-03 
4.739126e+00 
2.578500e-02 
4.460000e-04 
2.581686e+01 
3.459800e-02 
5.070000e-04 
4.601006e+01 
4.124000e-03 
1.143000e-03 
6.428284e+00 
2.252000e-03 
1.268000e-03 
1.270385e+01 
9.539500e-02 
2.785000e-03 
5.290334e+00 
1.834740e-01 
2.784000e-03 
5.954841e+00 
5.967000e-03 
1.294000e-03 
1.142912e+01 
6.347500e-02 
5.361900e-02 
1.250192e+01 
3.989032e+00 
9.471800e-02 
9.897164e+00 
6.579154e+00 
1.230570e-01 
1.236241e+01 
1.896320e-01 
5.391500e-02 
1.017219e+01 
1.565600e-02 
8.883000e-03 
1.644289e+01 
2.441200e-01 
1.271400e-02 
1.448041e+01 
5.279090e-01 
1.185100e-02 
2.132745e+01 
4.524600e-02 
1.018800e-02 
1.072737e+01 
3.540700e-02 
3.232300e-02 
8.728801e+00 
4.842093e+00 
6.191900e-02 
6.507369e+00 
1.009771e+01 
6.674400e-02 
8.978341e+00 
1.167760e-01 
3.284600e-02 
6.979800e+00 
4.843600e-02 
4.899200e-02 
8.101319e+00 
1.950419e+00 
9.744000e-02 
7.469224e+00 
4.295009e+01 
9.913400e-02 
8.106088e+00 
2.533720e-01 
4.808000e-02 
7.574916e+00 
2.884000e-02 
1.516100e-02 
3.299143e+01 
1.706482e+00 
3.187000e-02 
1.805768e+01 
2.553061e+00 
3.191500e-02 
1.472815e+01 
9.450600e-02 
1.718500e-02 
3.345287e+01 
