2.831750e-01 
2.034000e-01 
4.854039e+00 
5.065438e+00 
9.289500e-02 
6.444638e+01 
6.629899e+00 
8.828300e-02 
7.820007e+01 
4.469880e-01 
1.236700e-01 
7.298246e+00 
3.480600e-02 
3.184300e-02 
4.861990e+00 
3.352860e-01 
2.901600e-02 
7.848481e+00 
4.404980e-01 
2.803700e-02 
7.677633e+00 
6.451300e-02 
2.508800e-02 
4.229924e+00 
1.522000e-03 
1.519000e-03 
5.249263e+00 
5.318000e-03 
4.360000e-04 
6.522293e+01 
1.966300e-02 
4.780000e-04 
7.801905e+01 
3.333000e-03 
1.051000e-03 
5.863575e+00 
1.289000e-03 
1.304000e-03 
4.027386e+00 
2.553100e-02 
5.240000e-04 
5.532503e+01 
3.419400e-02 
5.310000e-04 
5.952381e+01 
3.323000e-03 
1.317000e-03 
3.803773e+00 
3.105000e-03 
2.202000e-03 
4.231132e+00 
4.269800e-02 
3.074000e-03 
4.656199e+00 
6.966900e-02 
3.185000e-03 
4.728086e+00 
5.358000e-03 
2.058000e-03 
4.674673e+00 
1.050550e-01 
9.905700e-02 
4.173678e+00 
8.540370e-01 
1.102320e-01 
4.865082e+00 
1.175951e+00 
1.049290e-01 
5.091515e+00 
1.854500e-01 
8.188300e-02 
3.894261e+00 
2.796800e-02 
2.513700e-02 
4.181778e+00 
2.458410e-01 
2.269200e-02 
6.744169e+00 
5.327200e-01 
2.281100e-02 
6.951596e+00 
5.433000e-02 
2.453400e-02 
4.010475e+00 
1.047180e-01 
1.022540e-01 
3.988227e+00 
8.637860e-01 
1.269890e-01 
4.064512e+00 
1.175572e+00 
1.191910e-01 
4.312196e+00 
1.937890e-01 
9.337900e-02 
3.423800e+00 
4.964000e-01 
4.473830e-01 
3.217333e+00 
3.552010e+00 
5.241950e-01 
3.984392e+00 
4.644979e+00 
6.082310e-01 
3.028690e+00 
9.079450e-01 
4.130800e-01 
2.692830e+00 
5.183500e-02 
3.724900e-02 
1.002490e+01 
8.519590e-01 
8.563100e-02 
7.021229e+00 
9.019940e-01 
6.606400e-02 
9.863956e+00 
1.648210e-01 
4.414300e-02 
1.018359e+01 
