4.083950e-01 
1.018020e+01 
5.142493e-06 
4.995819e+00 
3.999835e+01 
1.162946e-04 
6.643491e+00 
2.709243e+01 
2.062638e-05 
6.470650e-01 
9.345282e+00 
5.929761e-04 
4.682100e-02 
1.478935e+01 
5.757209e-06 
5.993452e+00 
1.033300e+02 
5.699759e-06 
8.129064e+00 
1.000814e+02 
3.367701e-06 
1.052120e-01 
1.340887e+01 
3.769809e-06 
1.604000e-03 
5.052112e+01 
5.775342e-06 
9.097000e-03 
5.852474e+01 
1.147191e-06 
2.081300e-02 
4.626288e+01 
9.509562e-07 
3.614000e-03 
4.537876e+01 
3.823205e-06 
7.675000e-03 
1.188906e+00 
0.000000e+00 
2.713400e-02 
1.758532e+01 
1.247277e-08 
3.489400e-02 
1.726557e+01 
1.270935e-07 
1.036900e-02 
1.744468e+00 
5.415787e-06 
5.953000e-03 
5.926435e+00 
5.746866e-06 
1.055010e-01 
3.370695e+00 
5.562850e-06 
1.874430e-01 
3.323495e+00 
5.696311e-06 
9.302000e-03 
4.993171e+00 
3.293585e-06 
1.427630e-01 
7.243416e+00 
5.628957e-06 
4.118733e+00 
5.928687e+00 
5.741087e-05 
6.386135e+00 
7.031345e+00 
5.746883e-05 
2.647320e-01 
5.856733e+00 
3.935419e-05 
3.364400e-02 
7.826288e+00 
5.761759e-06 
3.078110e-01 
7.339533e+00 
5.734136e-05 
5.635880e-01 
8.683301e+00 
5.742185e-05 
5.988400e-02 
5.749243e+00 
9.232869e-06 
9.042200e-02 
5.523531e+00 
5.752103e-06 
4.811758e+00 
4.559119e+00 
2.871795e-05 
1.002044e+01 
5.777727e+00 
2.866750e-05 
1.628190e-01 
4.459117e+00 
1.745273e-05 
1.241050e-01 
5.613922e+00 
5.773072e-06 
2.139866e+00 
5.016629e+00 
5.773259e-06 
3.726070e+01 
5.570548e+00 
5.772356e-06 
3.017480e-01 
5.160786e+00 
4.360981e-06 
5.525900e-02 
1.747317e+01 
3.830929e-06 
1.711756e+00 
1.347010e+01 
2.788863e-05 
2.477757e+00 
1.243138e+01 
2.899465e-05 
1.156070e-01 
1.743436e+01 
9.577323e-06 
