7.526047 7.353665 7.359184 7.203565 6.873953 6.292014 7.224968 7.765466 8.455526 9.391526 10.180196 11.424236 13.226805 15.130482 17.871018 21.831672 26.868167 32.588462 41.121046 50.938197 62.681940 77.237899 95.972339 122.311443 163.037080 192.947360 255.233782 291.910792 579.430466 611.190190 735.498714 
5.024322e-08 7.687154e-08 1.281499e-07 2.021706e-07 3.656820e-07 5.879888e-07 9.794403e-07 1.417436e-06 2.383319e-06 3.389621e-06 5.142493e-06 9.813900e-06 1.339578e-05 2.688796e-05 3.861956e-05 5.044535e-05 8.175229e-05 1.619713e-04 2.416519e-04 4.291789e-04 5.838351e-04 8.571044e-04 1.251536e-03 2.254345e-03 4.228384e-03 7.384717e-03 7.733573e-03 1.539814e-02 2.297685e-02 4.519266e-02 5.476698e-02 
38.959386 38.723695 39.188414 39.293576 39.342309 39.652034 39.908983 40.046384 40.256788 39.911458 39.997050 41.032959 66.575628 81.634186 102.078789 126.202680 148.239663 170.106781 199.070110 221.212516 254.026900 275.128539 300.223772 353.657891 397.589484 448.510491 486.766422 483.099311 450.455076 515.810558 555.210119 
3.042539e-08 5.111537e-08 8.293147e-08 7.915863e-08 1.515245e-07 1.036465e-07 3.132580e-07 3.732718e-07 3.586237e-07 4.771133e-07 6.057013e-07 1.642119e-06 1.267048e-05 2.124107e-05 3.469601e-05 5.676124e-05 8.794173e-05 1.404805e-04 2.260866e-04 3.710205e-04 5.533431e-04 8.869605e-04 1.404458e-03 2.201614e-03 3.612240e-03 5.538479e-03 8.988578e-03 1.379451e-02 2.197247e-02 3.132252e-02 5.550178e-02 
26.681059 26.445319 26.215140 26.109033 26.081613 25.994637 25.998050 25.994900 25.917097 26.181056 27.092407 31.579176 45.156007 54.411808 67.783445 86.542353 105.234300 126.486569 151.171109 177.192501 209.626691 250.606805 303.249790 369.123032 475.500743 497.991293 575.017304 937.561745 1089.429610 1332.872840 1608.108375 
5.024045e-08 7.690030e-08 1.271503e-07 2.000853e-07 3.622234e-07 6.007288e-07 8.683661e-07 1.599148e-06 2.042779e-06 3.865611e-06 5.289581e-06 1.014559e-05 1.409053e-05 2.616144e-05 3.968722e-05 5.485488e-05 8.656042e-05 1.402461e-04 2.593887e-04 4.032813e-04 5.196417e-04 8.390021e-04 1.562106e-03 2.295404e-03 3.908296e-03 4.532036e-03 7.653418e-03 1.169308e-02 2.741480e-02 3.259486e-02 6.235981e-02 
3.743517 4.129837 4.535782 4.881084 5.466699 6.158128 6.930222 8.084122 9.747997 11.561712 14.789347 18.339751 22.437074 27.603042 33.389490 41.060141 48.804189 59.416856 70.873908 86.565692 103.461922 118.187939 128.363250 184.025559 198.278830 255.017122 238.864770 443.850461 385.344692 503.194103 769.603340 
5.764314e-08 9.128588e-08 1.444769e-07 2.294642e-07 3.634016e-07 5.747604e-07 9.135118e-07 1.445400e-06 2.291521e-06 3.637532e-06 5.757209e-06 9.120575e-06 1.448311e-05 2.295412e-05 3.628295e-05 5.763346e-05 9.120007e-05 1.449300e-04 2.296279e-04 3.639368e-04 5.772167e-04 9.153107e-04 1.451755e-03 2.297256e-03 3.631581e-03 5.775988e-03 9.174400e-03 1.437486e-02 2.300425e-02 3.683442e-02 5.550001e-02 
27.818318 28.239836 28.336651 45.358516 51.557681 58.535656 65.618242 74.532956 86.047407 93.136772 103.327073 115.713479 126.523888 143.873549 160.543507 179.160187 206.862883 232.529095 258.477072 311.601369 353.255714 437.658791 614.092954 750.717850 975.625248 1246.668921 1517.349249 1737.229029 2014.426230 2345.038168 2949.120000 
1.356820e-08 7.400328e-08 1.706931e-07 2.272869e-07 3.607405e-07 5.741495e-07 9.033663e-07 1.447394e-06 2.303560e-06 3.606153e-06 5.699759e-06 9.131234e-06 1.437182e-05 2.283951e-05 3.634219e-05 5.679403e-05 9.024468e-05 1.441539e-04 2.291853e-04 3.631777e-04 5.752124e-04 9.139228e-04 1.453278e-03 2.297416e-03 3.635078e-03 5.790992e-03 9.160519e-03 1.448656e-02 2.324703e-02 3.547236e-02 5.648259e-02 
18.089653 18.089609 22.555549 23.639255 36.754655 44.333802 53.785828 63.798967 75.718643 87.680617 100.081446 114.637559 126.706537 141.406625 165.198297 186.120718 215.995781 259.240506 317.984991 398.335945 518.262337 702.572899 1471.323089 3525.968436 11574.254317 16420.489978 22685.538462 23937.662338 43885.714286 43885.714286 43885.714286 
5.675120e-08 9.000092e-08 1.422433e-07 2.261150e-07 3.632316e-07 5.751802e-07 9.130175e-07 1.445074e-06 2.284500e-06 3.630878e-06 5.760212e-06 9.110420e-06 1.445236e-05 2.286046e-05 3.606679e-05 5.744159e-05 9.100598e-05 1.448226e-04 2.282300e-04 3.630577e-04 5.752222e-04 9.149472e-04 1.452189e-03 2.301733e-03 3.644749e-03 5.750747e-03 9.117022e-03 1.469229e-02 2.298515e-02 3.681152e-02 5.548481e-02 
7.597320 8.172182 9.566461 15.494609 15.640304 19.387055 26.124532 24.962291 34.319229 48.209504 50.521122 67.340732 86.367949 88.418780 142.222222 162.137556 177.316017 197.993958 209.916720 224.131327 260.063492 311.187085 376.643678 455.111111 546.133333 685.523013 823.316583 1092.266667 1280.000000 1462.857143 1715.602094 
5.784699e-08 9.136273e-08 1.452785e-07 2.301962e-07 3.650554e-07 5.791434e-07 9.212949e-07 1.438455e-06 2.298735e-06 3.651966e-06 5.775342e-06 9.160268e-06 1.445307e-05 2.295495e-05 3.634951e-05 5.768485e-05 9.142425e-05 1.453502e-04 2.303511e-04 3.613995e-04 5.838777e-04 9.236271e-04 1.463509e-03 2.313456e-03 3.756635e-03 5.645231e-03 8.899187e-03 1.468416e-02 2.181157e-02 3.639630e-02 6.171722e-02 
16.608211 19.687575 22.479248 28.093278 29.914187 36.100033 47.586407 51.864514 55.870418 55.908548 58.514286 57.771509 53.229370 34.930178 34.959991 35.106064 35.371330 35.363695 35.371330 35.359879 35.371330 37.833968 38.013921 38.719130 39.009524 39.598792 93.971896 128.906373 188.105626 231.903751 302.566944 
5.716299e-08 9.073779e-08 1.452961e-07 2.298516e-07 3.751428e-07 5.844673e-07 6.272202e-07 6.809694e-07 7.347151e-07 8.441187e-07 1.147191e-06 1.592431e-06 1.957940e-06 1.334182e-06 1.988478e-06 1.995240e-06 2.093405e-06 2.093405e-06 2.093405e-06 2.093405e-06 2.093405e-06 8.248340e-04 1.445290e-03 2.218514e-03 8.840103e-04 6.317779e-03 9.088394e-03 1.302325e-02 2.107035e-02 3.736516e-02 4.453817e-02 
17.429787 20.150043 23.509829 25.044329 26.455676 30.073421 39.603577 42.275835 44.269116 44.838533 46.243297 46.611664 47.345759 47.338919 47.393694 47.676415 73.077609 88.946797 108.002637 122.086438 142.593560 159.688109 274.668902 374.063927 429.462647 512.801252 625.343511 709.264069 774.657210 1095.919732 1195.912409 
5.736152e-08 9.105134e-08 1.440406e-07 2.258858e-07 3.592980e-07 5.678472e-07 9.079273e-07 1.433098e-06 2.270642e-06 3.612216e-06 5.702360e-06 9.052180e-06 1.438233e-05 2.270391e-05 3.580770e-05 5.688647e-05 9.021592e-05 1.424732e-04 2.259829e-04 3.570285e-04 5.656592e-04 9.122259e-04 1.435535e-03 2.285070e-03 3.572663e-03 5.865377e-03 9.041422e-03 1.416474e-02 2.167381e-02 3.761796e-02 5.410114e-02 
2.380545 1.882253 1.699515 1.188902 1.188902 1.188902 1.188902 1.188902 1.188902 1.188902 1.188906 2.069911 2.729979 3.288933 3.772962 4.739126 6.279928 7.681598 10.385227 15.687813 18.988844 31.604938 54.283291 60.514372 113.798009 195.360195 248.640249 469.897210 611.854685 829.015544 1194.029851 
4.711480e-08 6.189284e-08 1.092860e-07 0.000000e+00 0.000000e+00 0.000000e+00 0.000000e+00 0.000000e+00 0.000000e+00 0.000000e+00 0.000000e+00 8.340280e-06 1.305227e-05 2.466751e-05 3.560853e-05 5.688488e-05 8.470342e-05 1.265361e-04 2.519274e-04 3.671769e-04 5.118707e-04 9.668223e-04 1.616154e-03 2.171917e-03 3.814687e-03 5.181624e-03 7.801443e-03 1.454103e-02 1.796073e-02 3.177411e-02 6.489768e-02 
21.690504 17.492074 17.519847 17.525604 17.585316 17.585316 17.585316 17.585316 17.585316 17.585316 17.585316 17.585316 22.427810 23.579692 24.957105 25.818945 27.148553 28.666129 29.498525 58.543725 60.560182 75.703809 93.539901 106.666667 154.440154 204.734485 243.716679 289.069557 335.781742 405.063291 479.041916 
5.885202e-08 1.808591e-08 1.822326e-08 1.822326e-08 1.247277e-08 1.247277e-08 1.247277e-08 1.247277e-08 1.247277e-08 1.247277e-08 1.247277e-08 1.247277e-08 1.424424e-05 2.340022e-05 3.662277e-05 5.958213e-05 9.470244e-05 1.414883e-04 2.218648e-04 3.285966e-04 6.108934e-04 9.557208e-04 1.497022e-03 2.053910e-03 3.616170e-03 5.302502e-03 8.546279e-03 1.564079e-02 2.172216e-02 3.984585e-02 3.789773e-02 
16.244479 16.942871 17.166461 17.205226 17.267429 17.266498 17.266498 17.267429 17.267429 17.265566 17.264634 17.265566 17.266498 17.266498 34.316354 46.003450 55.334601 73.142857 90.267983 109.814688 129.397493 156.862745 183.802412 224.561404 283.939663 387.878788 451.339915 578.661844 788.177340 996.884735 1070.234114 
4.731908e-08 6.520930e-08 1.115735e-07 0.000000e+00 0.000000e+00 0.000000e+00 0.000000e+00 0.000000e+00 0.000000e+00 0.000000e+00 0.000000e+00 8.204878e-06 1.327459e-05 2.394530e-05 3.714613e-05 5.700420e-05 9.088440e-05 1.371975e-04 2.467021e-04 3.429435e-04 5.164379e-04 9.771870e-04 1.380163e-03 1.919030e-03 3.841742e-03 6.000162e-03 1.071268e-02 1.130983e-02 1.790586e-02 2.717529e-02 3.804723e-02 
3.830163 3.108200 2.991265 2.955933 3.139167 3.390728 3.663916 4.008992 4.699774 5.158995 5.926435 7.024882 7.794018 9.364794 11.505365 12.703853 15.641983 19.217359 21.204772 26.016673 31.017453 36.393725 43.094526 51.894289 61.227140 78.568560 100.303807 130.549801 183.445766 262.669339 330.364209 
5.025128e-08 8.853008e-08 1.429590e-07 2.267140e-07 3.591181e-07 6.004608e-07 9.079335e-07 1.431926e-06 2.239222e-06 3.520513e-06 5.746866e-06 8.637346e-06 1.326788e-05 2.379438e-05 3.691292e-05 5.406293e-05 9.894676e-05 1.741965e-04 2.439912e-04 3.550934e-04 7.457087e-04 8.375920e-04 1.480305e-03 2.775237e-03 3.654692e-03 6.930590e-03 1.078508e-02 1.454520e-02 2.880372e-02 5.833932e-02 5.912578e-02 
1.609257 1.620333 1.621536 1.664343 1.747807 1.914976 2.050820 2.323138 2.590765 2.970622 3.370695 3.638867 4.061572 4.538818 4.825299 5.290334 6.612784 7.195235 9.999580 11.929192 13.997437 17.287259 20.104609 25.468182 31.929842 41.110954 51.390708 65.906725 89.560642 127.223489 186.380377 
5.093410e-08 8.404942e-08 1.375668e-07 2.216408e-07 3.584890e-07 5.771385e-07 9.118193e-07 1.477050e-06 2.321310e-06 3.716043e-06 5.562850e-06 9.203531e-06 1.424484e-05 2.315287e-05 3.656762e-05 5.590555e-05 8.961742e-05 1.432638e-04 2.259804e-04 3.463359e-04 5.531570e-04 8.670557e-04 1.428759e-03 1.992749e-03 3.575050e-03 5.011248e-03 6.603394e-03 1.066028e-02 1.643447e-02 2.185191e-02 4.552819e-02 
1.512560 1.520698 1.555432 1.569194 1.666395 1.829873 2.024841 2.292671 2.574658 2.949249 3.323495 3.597864 4.028677 4.536580 4.767425 5.954705 7.848858 9.021561 10.782938 12.554489 14.825053 18.072042 20.984950 26.690831 34.352510 42.590414 57.236681 70.830586 103.003536 148.020327 243.515095 
3.930627e-08 8.781588e-08 1.406797e-07 2.226457e-07 3.558349e-07 5.363649e-07 9.091239e-07 1.440251e-06 2.249060e-06 3.508657e-06 5.458203e-06 9.025444e-06 1.315129e-05 2.239160e-05 3.884967e-05 5.215117e-05 8.051145e-05 1.175189e-04 1.708663e-04 2.753537e-04 7.376467e-04 7.086151e-04 1.161998e-03 2.868668e-03 3.455419e-03 4.734373e-03 8.454085e-03 1.474310e-02 1.174818e-02 2.929545e-02 8.383152e-02 
2.431243 2.679969 3.018912 3.430146 3.865649 4.367308 4.895158 5.410966 5.993384 6.595371 7.243416 7.988509 8.838627 9.825982 10.967269 12.501922 14.353730 16.903627 20.328364 24.732824 31.495666 40.578487 51.864126 68.272900 86.687038 113.422408 147.781431 199.022798 285.034275 369.208049 687.970830 
5.532720e-08 8.859239e-08 1.413051e-07 2.240323e-07 3.554124e-07 5.626124e-07 8.924443e-07 1.414183e-06 2.240969e-06 3.554748e-06 5.628957e-06 8.919381e-06 1.415182e-05 2.241103e-05 3.548486e-05 5.634987e-05 8.917685e-05 1.413778e-04 2.246175e-04 3.553258e-04 5.638979e-04 8.955119e-04 1.418137e-03 2.245304e-03 3.571916e-03 5.612203e-03 9.135326e-03 1.448996e-02 2.210977e-02 3.723737e-02 5.275978e-02 
2.322586 2.557190 2.803792 3.108419 3.487438 3.792980 4.205853 4.643545 4.994993 5.450888 5.928661 6.417270 6.992352 7.577474 8.709944 9.897164 11.738557 13.933525 16.685758 20.527685 25.553521 32.569630 41.260338 54.834031 75.487650 118.583168 177.613584 232.193650 376.697493 511.770727 730.833881 
5.650777e-08 9.036063e-08 1.440887e-07 2.283502e-07 3.615395e-07 5.698251e-07 9.041416e-07 1.433680e-06 2.269705e-06 3.612960e-06 5.741087e-06 9.060294e-06 1.440443e-05 2.282741e-05 3.624128e-05 5.744919e-05 9.114932e-05 1.442840e-04 2.288849e-04 3.627453e-04 5.762495e-04 9.134443e-04 1.447876e-03 2.301761e-03 3.643815e-03 5.805318e-03 9.158472e-03 1.482261e-02 2.155781e-02 3.585621e-02 6.642037e-02 
2.352577 2.633633 2.941492 3.324114 3.748706 4.159947 4.662471 5.208762 5.721038 6.337172 7.031370 7.779819 8.660112 9.597003 10.809806 12.362414 14.122140 16.653510 20.170176 24.967262 31.918442 41.715596 55.112664 81.548109 121.149711 219.893791 456.892219 454.194486 1311.389417 2137.208805 3596.475454 
5.600411e-08 8.983538e-08 1.430912e-07 2.271964e-07 3.607460e-07 5.716464e-07 9.050140e-07 1.431674e-06 2.257904e-06 3.596892e-06 5.678155e-06 9.025629e-06 1.423696e-05 2.267312e-05 3.561064e-05 5.640934e-05 8.914166e-05 1.414447e-04 2.243330e-04 3.559889e-04 5.679540e-04 9.008422e-04 1.433546e-03 2.272216e-03 3.612323e-03 5.835666e-03 9.345679e-03 1.432297e-02 2.329580e-02 3.756065e-02 5.235523e-02 
2.196686 2.365474 2.509129 2.992470 3.519962 4.047714 4.653655 5.359729 6.078778 6.898516 7.826288 8.909237 10.331036 11.913298 13.951198 16.443362 19.811288 24.709482 31.116820 39.684605 50.751383 63.390357 77.641984 94.398718 112.835470 135.980904 169.478227 223.054085 299.393589 406.875441 572.627858 
4.032448e-08 7.291173e-08 1.447438e-07 2.292293e-07 3.631910e-07 5.761998e-07 9.133904e-07 1.446468e-06 2.294111e-06 3.634658e-06 5.761759e-06 9.134401e-06 1.450030e-05 2.296244e-05 3.637437e-05 5.765848e-05 9.136096e-05 1.449912e-04 2.295769e-04 3.642922e-04 5.769200e-04 9.155204e-04 1.451611e-03 2.299205e-03 3.647990e-03 5.770630e-03 9.163647e-03 1.449384e-02 2.320462e-02 3.664406e-02 5.641797e-02 
2.631507 3.075996 3.498131 3.951325 4.387390 4.787442 5.209003 5.677954 6.128667 6.701328 7.339543 8.502138 9.596801 10.870659 12.399333 14.480730 16.376456 19.549797 22.466456 28.079754 38.920672 47.577093 58.196841 76.535810 99.169759 127.889478 153.286614 185.083366 225.675852 257.936113 297.281798 
5.742868e-08 9.076435e-08 1.439281e-07 2.287357e-07 3.614352e-07 5.745756e-07 9.108007e-07 1.437507e-06 2.284592e-06 3.624746e-06 5.734136e-06 8.986625e-06 1.436333e-05 2.265504e-05 3.565140e-05 5.711999e-05 8.894375e-05 1.425841e-04 2.274640e-04 3.614553e-04 5.719905e-04 9.086810e-04 1.438544e-03 2.280368e-03 3.649606e-03 5.780049e-03 9.290643e-03 1.442589e-02 2.221537e-02 3.411395e-02 4.863173e-02 
2.554356 2.992261 3.383529 3.814859 4.292229 4.698435 5.289666 5.942651 6.643948 7.444276 8.683301 10.299426 12.011038 14.290676 17.462895 21.327628 26.404523 32.892357 41.647252 52.410753 69.588563 87.327123 118.394007 171.985933 249.614792 428.500579 608.165181 1049.392713 2051.444400 2558.736426 2860.927152 
4.028029e-08 7.288147e-08 1.446381e-07 2.292084e-07 3.627340e-07 5.761450e-07 9.132189e-07 1.443191e-06 2.290610e-06 3.633739e-06 5.751801e-06 9.101328e-06 1.447116e-05 2.283421e-05 3.624154e-05 5.756752e-05 9.102925e-05 1.442994e-04 2.290773e-04 3.620555e-04 5.745642e-04 9.102962e-04 1.437712e-03 2.274627e-03 3.610422e-03 5.674275e-03 8.979261e-03 1.424522e-02 2.166376e-02 3.429871e-02 5.376296e-02 
2.090806 1.974112 2.172279 2.435821 2.775222 3.255782 3.623839 4.081720 4.638167 5.015476 5.523536 6.096493 6.594888 7.222642 7.946515 8.728801 9.618754 10.709426 12.252110 14.155924 16.831021 20.580693 26.114252 34.507502 42.595432 55.345800 71.256566 93.561875 132.030874 243.974034 561.396295 
1.118469e-08 8.886467e-08 1.429100e-07 2.281531e-07 3.627008e-07 5.741535e-07 9.122463e-07 1.445714e-06 2.286660e-06 3.630585e-06 5.752103e-06 9.089548e-06 1.445354e-05 2.289337e-05 3.620961e-05 5.752055e-05 9.113594e-05 1.439620e-04 2.290801e-04 3.630502e-04 5.731631e-04 9.117881e-04 1.447047e-03 2.298185e-03 3.643226e-03 5.777074e-03 9.158566e-03 1.428710e-02 2.242855e-02 2.933001e-02 4.966924e-02 
1.134887 1.914524 2.138707 2.430355 2.833825 3.134685 3.322691 3.654810 3.941448 4.259609 4.559119 4.870526 5.205057 5.560784 5.950674 6.507369 8.000104 9.163904 10.553790 12.437650 14.877175 18.403916 23.025283 27.992034 37.179723 46.486026 56.548042 89.191930 157.332813 261.314327 385.903136 
0.000000e+00 0.000000e+00 0.000000e+00 4.386301e-08 3.521511e-07 5.675266e-07 9.092687e-07 1.440950e-06 2.288741e-06 3.627148e-06 5.743589e-06 9.074851e-06 1.443552e-05 2.286879e-05 3.616911e-05 5.753423e-05 9.102396e-05 1.439619e-04 2.289060e-04 3.623914e-04 5.725341e-04 9.113093e-04 1.447335e-03 2.297636e-03 3.642085e-03 5.776510e-03 9.141957e-03 1.449016e-02 2.301131e-02 3.642424e-02 5.804647e-02 
1.160297 1.992333 2.239239 2.571872 3.049352 3.444835 3.903322 4.421368 4.817599 5.297730 5.777740 6.285850 6.853971 7.484114 8.183893 8.978341 9.973207 11.230271 12.723198 14.789360 17.806972 22.002791 28.366572 36.141841 46.231064 60.954153 80.653488 136.382389 331.502640 939.500045 2073.513941 
0.000000e+00 8.631405e-08 1.409964e-07 2.267542e-07 3.611883e-07 5.744933e-07 9.069742e-07 1.438420e-06 2.275636e-06 3.618995e-06 5.734950e-06 9.066750e-06 1.442150e-05 2.282988e-05 3.610024e-05 5.739814e-05 9.083783e-05 1.435592e-04 2.285185e-04 3.616279e-04 5.715949e-04 9.104634e-04 1.444053e-03 2.293489e-03 3.638852e-03 5.772249e-03 9.159024e-03 1.452218e-02 2.296098e-02 3.382512e-02 6.341520e-02 
2.690901 2.952725 3.218672 3.441651 3.663440 4.037817 4.382301 4.629415 4.970786 5.261826 5.613920 6.003083 6.374011 6.902678 7.435717 8.101319 8.812734 9.733218 10.936229 12.287804 13.997182 16.157856 19.722411 25.550135 32.890445 47.094428 67.128397 110.589178 301.281808 3101.449835 25137.195730 
4.263478e-08 7.887311e-08 1.384214e-07 2.279459e-07 3.641026e-07 5.762342e-07 9.066351e-07 1.449456e-06 2.295566e-06 3.612115e-06 5.773072e-06 9.131247e-06 1.437864e-05 2.297873e-05 3.635467e-05 5.770834e-05 9.150659e-05 1.447087e-04 2.297820e-04 3.639893e-04 5.760162e-04 9.137930e-04 1.446661e-03 2.287454e-03 3.603049e-03 5.616824e-03 8.543890e-03 1.246716e-02 1.568565e-02 1.688740e-02 1.694716e-02 
2.574305 2.771393 2.957183 2.970881 3.139324 3.403454 3.651674 3.805159 4.039478 4.645397 5.016624 5.416679 5.846655 6.349931 6.882910 7.469224 8.251620 9.064691 9.939411 11.461084 13.149382 15.016086 18.322427 23.388471 28.447996 38.844234 53.236902 137.293643 600.412427 1058.368595 2019.023010 
4.577295e-08 8.276188e-08 1.414078e-07 2.285171e-07 3.641948e-07 5.769455e-07 9.100071e-07 1.449660e-06 2.296300e-06 3.616841e-06 5.773259e-06 9.143713e-06 1.450701e-05 2.295806e-05 3.642383e-05 5.774276e-05 9.146096e-05 1.448770e-04 2.297266e-04 3.642751e-04 5.764699e-04 9.151303e-04 1.450054e-03 2.302807e-03 3.619881e-03 5.652114e-03 8.915223e-03 1.301175e-02 1.993963e-02 2.534926e-02 2.743011e-02 
2.716602 2.960298 3.206338 3.382691 3.615675 3.984428 4.335871 4.579015 4.918545 5.254434 5.570548 5.984370 6.358353 6.929936 7.486716 8.106125 8.914062 9.781667 10.789699 12.340345 13.977683 16.698902 19.604015 25.693211 32.521482 49.580964 56.888660 140.234706 2266.137953 28310.829659 34289.087379 
4.261944e-08 7.889001e-08 1.384164e-07 2.279412e-07 3.641088e-07 5.761885e-07 9.066494e-07 1.449103e-06 2.295054e-06 3.611914e-06 5.771902e-06 9.134762e-06 1.449164e-05 2.297825e-05 3.632788e-05 5.768750e-05 9.151146e-05 1.447528e-04 2.299015e-04 3.641226e-04 5.760467e-04 9.143087e-04 1.448347e-03 2.289262e-03 3.603622e-03 5.609662e-03 8.536526e-03 1.242823e-02 1.568455e-02 1.691949e-02 1.699372e-02 
5.548995 5.688535 5.856474 5.887163 6.142472 7.598444 8.703031 10.566971 13.000790 14.984012 17.473170 19.744935 23.032718 25.898953 27.552688 32.991541 37.787183 41.150909 52.572366 61.385470 65.888740 92.406923 115.521464 155.089254 182.825383 249.975002 292.466074 330.961443 430.311115 550.721445 771.188401 
5.776766e-08 8.755519e-08 1.367236e-07 2.250346e-07 4.117236e-07 5.966757e-07 1.216558e-06 1.866298e-06 1.958381e-06 5.013098e-06 3.830929e-06 7.927711e-06 1.423770e-05 2.672652e-05 3.922444e-05 3.219005e-05 7.267502e-05 1.573401e-04 2.276740e-04 3.343667e-04 4.557954e-04 1.071503e-03 6.948904e-04 2.555865e-03 2.040879e-03 2.949759e-03 1.222683e-02 7.879040e-03 2.899353e-02 1.666826e-02 2.120487e-02 
7.475467 7.930623 8.034161 8.646226 9.189141 9.864005 10.330856 11.080909 11.831253 12.353976 13.470045 14.314589 15.458388 16.247244 17.162049 18.057615 25.754013 29.089894 33.356794 39.021192 47.513613 55.387853 67.275736 83.885580 101.419878 126.868133 162.211264 202.150885 243.860804 301.905021 377.372731 
5.758286e-08 8.836012e-08 1.381618e-07 2.225312e-07 3.350939e-07 5.719987e-07 9.007511e-07 1.497282e-06 2.205235e-06 3.544940e-06 5.577726e-06 8.796552e-06 1.349067e-05 2.067530e-05 2.413735e-05 3.784273e-05 5.877150e-05 9.243639e-05 1.434135e-04 2.107106e-04 2.875113e-04 3.582915e-04 4.173301e-04 5.438698e-04 7.704269e-04 1.106202e-03 1.695405e-03 2.716160e-03 4.148764e-03 6.880239e-03 1.102860e-02 
7.351012 7.890530 8.756920 9.403445 10.073760 10.921371 11.407790 12.336328 12.896869 12.891947 12.431379 12.986305 12.640291 13.093153 13.402059 14.728083 15.629493 16.830002 21.008403 22.431785 24.074515 41.710985 52.962455 66.827052 81.259853 99.253613 120.880981 140.341029 165.933792 191.905429 220.312844 
5.583410e-08 8.739252e-08 1.391201e-07 2.214506e-07 4.226598e-07 5.557669e-07 8.889583e-07 1.515575e-06 2.004310e-06 4.485358e-06 3.996176e-06 8.761006e-06 1.138815e-05 2.104222e-05 3.413497e-05 4.851166e-05 9.684045e-05 1.434055e-04 1.756389e-04 3.789880e-04 5.666133e-04 8.236838e-04 8.831643e-04 2.144813e-03 2.186229e-03 4.374709e-03 9.749103e-03 1.073069e-02 1.962881e-02 3.001951e-02 7.269911e-02 
