6.314630e-01 
3.978791e+00 
1.699464e-04 
5.578214e+00 
5.451071e+01 
2.065284e-04 
6.950333e+00 
6.429183e+01 
4.172790e-05 
6.578170e-01 
5.325618e+00 
9.500354e-05 
9.170600e-02 
3.996652e+00 
9.919664e-07 
6.306708e+00 
7.275024e+01 
1.098437e-06 
8.663331e+00 
5.816346e+01 
1.860806e-07 
1.231390e-01 
3.946439e+00 
7.272529e-07 
3.722000e-03 
4.430024e+00 
9.491246e-07 
8.243000e-03 
2.491484e+01 
1.216237e-06 
2.108500e-02 
2.659740e+01 
5.600966e-07 
5.153000e-03 
4.549152e+00 
7.092498e-07 
3.509000e-03 
3.217503e+00 
8.636240e-07 
2.846500e-02 
4.581902e+01 
8.521288e-07 
3.615600e-02 
4.866180e+01 
1.772980e-07 
5.468000e-03 
3.038100e+00 
8.838210e-07 
6.349000e-03 
3.967070e+00 
1.075226e-06 
1.054430e-01 
3.957249e+00 
1.214842e-06 
1.903120e-01 
3.903043e+00 
1.230034e-06 
7.347000e-03 
6.361329e+00 
4.782789e-07 
2.458360e-01 
3.716803e+00 
9.772256e-06 
4.486231e+00 
4.182399e+00 
1.001497e-05 
7.897649e+00 
4.268484e+00 
1.000679e-05 
3.029480e-01 
3.917967e+00 
6.751279e-06 
7.206300e-02 
3.427846e+00 
1.051312e-05 
3.401370e-01 
4.875590e+00 
1.145485e-05 
6.242160e-01 
4.983772e+00 
1.134788e-05 
8.404400e-02 
3.124422e+00 
1.876469e-06 
1.299400e-01 
3.522229e+00 
6.448585e-06 
5.054053e+00 
3.632866e+00 
6.450504e-06 
1.051331e+01 
3.820650e+00 
6.456955e-06 
1.851160e-01 
3.343955e+00 
3.859876e-06 
1.623890e-01 
3.693399e+00 
1.101348e-06 
2.272818e+00 
3.563074e+00 
1.101869e-06 
5.037971e+01 
3.683031e+00 
1.101203e-06 
4.595810e-01 
3.442654e+00 
8.386312e-07 
6.932100e-02 
8.083708e+00 
2.986211e-06 
2.153486e+00 
1.071279e+01 
3.364917e-06 
3.147091e+00 
9.660566e+00 
3.411307e-06 
1.441430e-01 
8.184324e+00 
1.494482e-06 
