inf 3.055186 3.174029 3.290131 3.316394 3.454809 3.588221 3.620655 3.784060 3.940527 3.978791 4.172132 4.354937 4.402915 4.634801 4.854039 4.914852 5.198069 5.463914 5.539155 5.893496 6.220952 6.325009 6.769238 7.164347 7.313303 7.900698 7.972354 8.595574 9.278971 9.368680 
1.281533e-08 1.441346e-08 2.806145e-08 5.103444e-08 5.746909e-08 1.082005e-07 1.959717e-07 2.223178e-07 4.212043e-07 7.784824e-07 8.851377e-07 1.636118e-06 2.935894e-06 3.360847e-06 6.647793e-06 1.154079e-05 1.325500e-05 2.613475e-05 4.365154e-05 4.960095e-05 8.866254e-05 1.569431e-04 1.824226e-04 3.397215e-04 5.585383e-04 6.586278e-04 1.306972e-03 1.414399e-03 2.428718e-03 4.895706e-03 5.319976e-03 
42.584521 42.863040 44.328782 45.757079 46.078800 47.828092 49.475653 49.877299 51.804081 53.987643 54.510705 56.676607 58.805005 59.359332 62.006238 64.446379 65.118758 68.202201 71.125975 71.945842 75.728494 79.302290 80.421407 85.187492 89.577644 91.205196 97.521122 98.339511 105.564491 112.723172 113.711972 
1.505058e-08 1.687451e-08 3.260140e-08 5.972481e-08 6.709851e-08 1.300443e-07 2.381558e-07 2.696228e-07 5.202032e-07 9.500973e-07 1.075669e-06 2.081226e-06 3.789633e-06 4.312986e-06 8.306311e-06 1.502569e-05 1.719889e-05 3.328712e-05 5.980882e-05 6.826301e-05 1.327837e-04 2.377844e-04 2.738059e-04 5.276115e-04 9.309380e-04 1.096436e-03 2.101264e-03 2.290808e-03 4.268882e-03 5.227809e-03 5.627393e-03 
49.612292 49.958976 51.822287 53.637430 54.042055 56.188876 58.254222 58.748386 61.258140 63.707363 64.291834 67.298216 70.224110 70.970500 74.640795 78.200066 79.162152 83.746131 88.186992 89.412431 95.304554 101.023208 102.783654 110.661163 118.130182 120.906867 132.386054 133.853171 147.739167 161.418719 163.325826 
1.261246e-08 1.420953e-08 2.800704e-08 5.010541e-08 5.656175e-08 1.068879e-07 1.943154e-07 2.205115e-07 4.225951e-07 7.854485e-07 8.928709e-07 1.618603e-06 2.974176e-06 3.408908e-06 6.679700e-06 1.154982e-05 1.333104e-05 2.560701e-05 4.330306e-05 4.929804e-05 9.197079e-05 1.611302e-04 1.875701e-04 3.380305e-04 5.691049e-04 6.704063e-04 1.393606e-03 1.502576e-03 2.573911e-03 4.925833e-03 5.392840e-03 
inf 2.908182 3.046652 3.046652 3.199011 3.367473 3.367473 3.554308 3.763092 3.763092 3.996652 4.262877 4.262877 4.567124 4.868823 4.868823 5.188254 5.526936 5.526936 5.910382 6.348332 6.348332 6.853013 7.437116 7.437116 8.108108 8.879554 8.879554 9.739395 10.645966 10.645966 
8.115233e-09 1.571539e-08 3.087691e-08 3.087691e-08 6.118802e-08 1.223873e-07 1.223873e-07 2.446955e-07 4.890159e-07 4.890159e-07 9.919664e-07 1.984303e-06 1.984303e-06 3.863960e-06 7.372791e-06 7.372791e-06 1.340557e-05 2.626468e-05 2.626468e-05 5.202276e-05 1.033586e-04 1.033586e-04 2.062516e-04 4.112005e-04 4.112005e-04 7.886335e-04 1.524577e-03 1.524577e-03 2.897341e-03 4.797852e-03 4.797852e-03 
51.552274 54.122622 56.598907 56.598907 59.247830 62.148493 62.148493 65.292242 68.951070 68.951070 72.750237 76.761619 76.761619 81.212548 86.058456 86.058456 91.646778 98.146965 98.146965 104.655916 111.858235 111.858235 119.921926 129.656725 129.656725 142.596317 158.296118 158.296118 172.165141 190.846966 190.846966 
8.566011e-09 1.707987e-08 3.426829e-08 3.426829e-08 6.846115e-08 1.365015e-07 1.365015e-07 2.745944e-07 5.476178e-07 5.476178e-07 1.098437e-06 2.172559e-06 2.172559e-06 4.246779e-06 8.268029e-06 8.268029e-06 1.570835e-05 3.021824e-05 3.021824e-05 5.796315e-05 1.115462e-04 1.115462e-04 2.147150e-04 4.189479e-04 4.189479e-04 7.423278e-04 1.263342e-03 1.263342e-03 2.348338e-03 4.449809e-03 4.449809e-03 
42.421174 44.127364 45.976553 45.976553 47.987503 50.182412 50.182412 52.587732 55.235241 55.235241 58.163459 61.419527 61.419527 65.061772 69.163227 69.163227 73.822493 79.154857 79.154857 85.325433 92.567296 92.567296 101.152453 111.438936 111.438936 124.742826 140.938981 140.938981 169.069895 222.286541 222.286541 
8.091853e-09 1.587417e-08 3.095552e-08 3.095552e-08 6.146381e-08 1.229542e-07 1.229542e-07 2.461225e-07 4.886390e-07 4.886390e-07 9.957406e-07 2.020917e-06 2.020917e-06 3.960018e-06 7.375625e-06 7.375625e-06 1.353131e-05 2.633985e-05 2.633985e-05 5.235416e-05 1.034908e-04 1.034908e-04 2.055158e-04 4.077551e-04 4.077551e-04 7.800938e-04 1.529957e-03 1.529957e-03 2.850529e-03 4.786211e-03 4.786211e-03 
inf 3.267129 3.426468 3.426468 3.602146 3.805277 3.805277 4.012539 4.210959 4.210959 4.430024 4.673132 4.673132 4.944471 5.249263 5.249263 5.594100 5.988304 5.988304 6.464646 6.927110 6.927110 7.323440 7.767874 7.767874 8.271405 8.844742 8.844742 9.505686 10.278545 10.278545 
9.701653e-09 1.543202e-08 3.028405e-08 3.028405e-08 6.704690e-08 1.541584e-07 1.541584e-07 2.584684e-07 4.874402e-07 4.874402e-07 9.491246e-07 1.886365e-06 1.886365e-06 3.728591e-06 7.415340e-06 7.415340e-06 1.615834e-05 2.759193e-05 2.759193e-05 7.086740e-05 1.017370e-04 1.017370e-04 1.737200e-04 3.327566e-04 3.327566e-04 6.605023e-04 1.302571e-03 1.302571e-03 2.584710e-03 5.124335e-03 5.124335e-03 
6.603256 7.360288 8.271405 8.271405 9.429098 11.067279 11.067279 13.132414 15.919161 15.919161 24.914842 48.588375 48.588375 58.514286 65.222930 65.222930 71.733800 78.769231 78.769231 82.248996 86.413502 86.413502 90.619469 94.377880 94.377880 98.698795 103.173804 103.173804 108.359788 113.777778 113.777778 
1.007086e-08 1.972572e-08 3.851366e-08 3.851366e-08 7.767280e-08 1.578319e-07 1.578319e-07 3.070585e-07 5.368962e-07 5.368962e-07 1.216237e-06 2.300892e-06 2.300892e-06 5.068390e-06 9.833133e-06 9.833133e-06 1.959287e-05 3.196858e-05 3.196858e-05 6.916125e-05 1.238373e-04 1.238373e-04 3.046703e-04 5.541742e-04 5.541742e-04 1.260395e-03 2.581144e-03 2.581144e-03 4.173847e-03 8.359419e-03 8.359419e-03 
6.719160 7.500458 8.448845 8.448845 9.655823 11.384102 11.384102 13.571902 16.596434 16.596434 26.597403 55.276653 55.276653 68.494983 78.019048 78.019048 87.334755 98.225420 98.225420 103.434343 110.404313 110.404313 117.028571 123.746224 123.746224 130.862620 138.847458 138.847458 147.870036 158.146718 158.146718 
9.695933e-09 1.569455e-08 3.084894e-08 3.084894e-08 6.771158e-08 1.547604e-07 1.547604e-07 2.622873e-07 4.972404e-07 4.972404e-07 9.702223e-07 1.924265e-06 1.924265e-06 3.814659e-06 7.602874e-06 7.602874e-06 1.640208e-05 2.859094e-05 2.859094e-05 7.141497e-05 1.048335e-04 1.048335e-04 1.871892e-04 3.574302e-04 3.574302e-04 7.066752e-04 1.397957e-03 1.397957e-03 2.771133e-03 5.487042e-03 5.487042e-03 
inf 2.471882 2.571190 2.678811 2.678811 2.795834 2.923549 2.923549 3.063491 3.217503 3.217503 3.387821 3.577178 3.577178 3.788955 4.027386 4.027386 4.297840 4.607233 4.607233 4.964627 5.382131 5.382131 5.876304 6.470398 6.470398 7.198128 8.110300 8.110300 9.326183 10.979962 
1.342272e-08 1.342272e-08 2.692248e-08 5.378520e-08 5.378520e-08 1.075100e-07 2.154712e-07 2.154712e-07 4.303063e-07 8.636240e-07 8.636240e-07 1.722292e-06 3.448380e-06 3.448380e-06 6.887491e-06 1.375700e-05 1.375700e-05 2.748931e-05 5.539879e-05 5.539879e-05 1.098745e-04 2.208141e-04 2.208141e-04 4.365449e-04 8.924218e-04 8.924218e-04 1.713944e-03 3.425827e-03 3.425827e-03 6.925646e-03 1.341545e-02 
14.306152 14.306152 19.295707 26.490066 26.490066 36.166365 41.025641 41.025641 43.859649 45.819015 45.819015 47.904192 50.188206 50.188206 52.631579 55.325035 55.325035 58.394161 61.823802 61.823802 65.573770 69.808028 69.808028 74.906367 80.645161 80.645161 87.145969 95.011876 95.011876 104.438642 115.273775 
1.343862e-08 1.343862e-08 2.677223e-08 5.339929e-08 5.339929e-08 1.078333e-07 2.147568e-07 2.147568e-07 4.297741e-07 8.521288e-07 8.521288e-07 1.748733e-06 3.493505e-06 3.493505e-06 6.764368e-06 1.417445e-05 1.417445e-05 2.739391e-05 5.454900e-05 5.454900e-05 1.116061e-04 2.220155e-04 2.220155e-04 4.450271e-04 9.013339e-04 9.013339e-04 1.776803e-03 3.519390e-03 3.519390e-03 7.435980e-03 1.435832e-02 
9.267841 9.267841 10.992031 13.550136 13.550136 17.817372 28.612303 28.612303 43.478261 48.661800 48.661800 50.955414 53.475936 53.475936 56.338028 59.523810 59.523810 62.992126 66.889632 66.889632 71.428571 76.628352 76.628352 82.474227 89.285714 89.285714 97.560976 107.816712 107.816712 120.120120 134.680135 
1.342977e-08 1.342977e-08 2.692892e-08 5.380358e-08 5.380358e-08 1.077385e-07 2.163845e-07 2.163845e-07 4.314458e-07 8.606532e-07 8.606532e-07 1.717659e-06 3.443883e-06 3.443883e-06 6.890862e-06 1.370756e-05 1.370756e-05 2.745361e-05 5.522197e-05 5.522197e-05 1.099312e-04 2.213892e-04 2.213892e-04 4.358697e-04 9.105762e-04 9.105762e-04 1.705590e-03 3.567509e-03 3.567509e-03 6.863727e-03 1.303858e-02 
inf 2.962079 3.094678 3.094678 3.239545 3.398818 3.398818 3.581007 3.779687 3.779687 3.967070 4.168161 4.168161 4.377822 4.604834 4.604834 4.854519 5.130421 5.130421 5.440027 5.781228 5.781228 6.169836 6.597805 6.597805 7.086505 7.623124 7.623124 8.236270 8.915250 8.915250 
8.627445e-09 2.017466e-08 3.457842e-08 3.457842e-08 6.956955e-08 1.477997e-07 1.477997e-07 3.104750e-07 5.874892e-07 5.874892e-07 1.075226e-06 2.080673e-06 2.080673e-06 3.978986e-06 7.996930e-06 7.996930e-06 1.637625e-05 3.003115e-05 3.003115e-05 5.809327e-05 1.084478e-04 1.084478e-04 2.049299e-04 3.971906e-04 3.971906e-04 7.522642e-04 1.430765e-03 1.430765e-03 2.649414e-03 4.769192e-03 4.769192e-03 
2.703742 2.834847 2.979180 2.979180 3.137946 3.313916 3.313916 3.512111 3.727025 3.727025 3.957249 4.216703 4.216703 4.512256 4.852003 4.852003 5.250020 5.719672 5.719672 6.279801 6.978597 6.978597 8.016636 9.194164 9.194164 10.661461 12.683569 12.683569 16.274149 21.867201 21.867201 
1.007852e-08 2.006682e-08 3.995912e-08 3.995912e-08 7.935378e-08 1.586486e-07 1.586486e-07 3.210156e-07 6.199275e-07 6.199275e-07 1.214842e-06 2.412808e-06 2.412808e-06 4.884035e-06 9.368555e-06 9.368555e-06 1.968539e-05 3.855357e-05 3.855357e-05 7.425100e-05 1.479928e-04 1.479928e-04 3.047009e-04 5.814479e-04 5.814479e-04 1.108077e-03 2.081777e-03 2.081777e-03 3.835787e-03 7.082676e-03 7.082676e-03 
2.671994 2.799607 2.940153 2.940153 3.095117 3.266185 3.266185 3.458547 3.669634 3.669634 3.903043 4.160223 4.160223 4.450964 4.785047 4.785047 5.171717 5.625408 5.625408 6.165773 6.968949 6.968949 7.821458 8.880217 8.880217 10.363061 12.291073 12.291073 15.114391 20.047721 20.047721 
8.680621e-09 2.056647e-08 3.499354e-08 3.499354e-08 7.149372e-08 1.479454e-07 1.479454e-07 3.170314e-07 5.966082e-07 5.966082e-07 1.100417e-06 2.125777e-06 2.125777e-06 4.068286e-06 7.891618e-06 7.891618e-06 1.626623e-05 3.174845e-05 3.174845e-05 5.987527e-05 1.143719e-04 1.143719e-04 2.145714e-04 4.133311e-04 4.133311e-04 7.869117e-04 1.491610e-03 1.491610e-03 2.753808e-03 5.150892e-03 5.150892e-03 
inf 2.796277 2.894292 3.025759 3.052570 3.169745 3.328115 3.360581 3.503162 3.697623 3.716803 3.914979 4.159533 4.183827 4.436652 4.753322 4.785046 5.117948 5.541628 5.584146 6.036854 6.614352 6.670349 7.286718 8.005303 8.068576 8.789509 9.561765 9.632724 10.414063 11.356564 
1.380391e-08 1.636947e-08 2.812821e-08 5.612452e-08 6.621044e-08 1.125613e-07 2.249813e-07 2.651065e-07 4.502695e-07 9.000910e-07 9.772256e-07 1.799639e-06 3.599346e-06 3.907177e-06 7.183320e-06 1.433454e-05 1.555873e-05 2.857490e-05 5.654664e-05 6.121871e-05 1.112275e-04 2.155263e-04 2.321415e-04 4.112018e-04 7.618902e-04 8.100297e-04 1.332204e-03 2.343746e-03 2.496344e-03 4.187037e-03 7.820274e-03 
2.940025 2.968934 3.090510 3.257236 3.292762 3.442976 3.651191 3.695890 3.886212 4.153597 4.182399 4.460685 4.816974 4.855944 5.235317 5.733919 5.789020 6.342023 7.082534 7.164597 8.001741 9.173268 9.300076 10.673726 12.606970 12.828671 15.457193 21.208908 22.097104 35.354178 62.553170 
1.436476e-08 1.696852e-08 2.872373e-08 5.744356e-08 6.784748e-08 1.148824e-07 2.296976e-07 2.713486e-07 4.593843e-07 9.192011e-07 1.001497e-06 1.837755e-06 3.675920e-06 4.003971e-06 7.353180e-06 1.469476e-05 1.599500e-05 2.946112e-05 5.856705e-05 6.368012e-05 1.160994e-04 2.248422e-04 2.429312e-04 4.269741e-04 7.890041e-04 8.453943e-04 1.414047e-03 2.429853e-03 2.583702e-03 4.269777e-03 7.911811e-03 
2.948280 2.978470 3.105671 3.280784 3.318229 3.476873 3.697919 3.745548 3.948985 4.237044 4.268484 4.571253 4.962631 5.004704 5.425665 5.978730 6.038910 6.675157 7.526380 7.617771 8.555169 9.868746 10.011854 11.581688 13.866164 14.146032 17.472132 25.551138 26.838145 47.217028 88.971138 
1.386224e-08 1.645557e-08 2.824299e-08 5.631395e-08 6.647899e-08 1.129780e-07 2.257539e-07 2.662898e-07 4.519946e-07 9.028474e-07 9.811482e-07 1.806032e-06 3.609861e-06 3.921848e-06 7.212004e-06 1.438228e-05 1.561821e-05 2.868788e-05 5.657373e-05 6.123339e-05 1.112269e-04 2.156680e-04 2.322434e-04 4.119137e-04 7.589710e-04 8.068239e-04 1.342731e-03 2.323504e-03 2.478389e-03 4.208430e-03 7.805672e-03 
inf 2.617632 2.671878 2.787804 2.849905 2.914455 3.053622 3.098003 3.206603 3.374051 3.427846 3.556317 3.754737 3.798626 3.969907 4.181778 4.255543 4.456916 4.705472 4.791446 5.032228 5.328684 5.432869 5.729798 6.089882 6.220004 6.565083 6.954655 7.079259 7.430511 7.851120 
7.564300e-0 7.564300e-09 1.276674e-08 3.689166e-08 7.217286e-08 1.059719e-07 2.067919e-07 2.685118e-07 4.183126e-07 8.195769e-07 1.051312e-06 1.624513e-06 3.184179e-06 3.773360e-06 6.257590e-06 1.161959e-05 1.450333e-05 2.397926e-05 4.401737e-05 5.459636e-05 9.045270e-05 1.665303e-04 2.066075e-04 3.457206e-04 6.366964e-04 7.954827e-04 1.267407e-03 2.119432e-03 2.520258e-03 3.965043e-03 7.059783e-03 
3.250108 3.338451 3.431694 3.634691 3.745492 3.863352 4.122662 4.207382 4.419648 4.762045 4.875590 5.159071 5.622169 5.727367 6.165263 6.744169 6.957567 7.563996 8.380539 8.678068 9.565846 10.800540 11.262514 12.787875 15.069417 16.075416 19.689466 26.126925 29.626920 40.731661 65.362114 
1.407306e-08 2.058000e-08 2.814731e-08 5.630662e-08 8.237948e-08 1.126124e-07 2.251782e-07 2.868246e-07 4.508387e-07 8.993578e-07 1.145485e-06 1.803434e-06 3.607611e-06 4.250685e-06 7.210042e-06 1.355926e-05 1.700981e-05 2.886552e-05 5.429518e-05 6.799753e-05 1.154519e-04 2.169815e-04 2.720492e-04 4.605180e-04 8.656983e-04 1.075919e-03 1.805246e-03 2.556202e-03 3.023928e-03 4.128183e-03 7.180539e-03 
3.297827 3.388802 3.484939 3.694518 3.809054 3.930989 4.199802 4.287756 4.508453 4.865194 4.983772 5.280313 5.765997 5.876698 6.338648 6.951596 7.178147 7.824292 8.697870 9.018162 9.982746 11.336996 11.849035 13.550532 16.131040 17.273551 21.498242 29.858999 34.469919 50.255933 91.551286 
2.984946e-09 9.493062e-09 1.461150e-08 3.797199e-08 7.280283e-08 1.064120e-07 2.076622e-07 2.695796e-07 4.203326e-07 8.226551e-07 1.055143e-06 1.630840e-06 3.202567e-06 3.796329e-06 6.312850e-06 1.170803e-05 1.462689e-05 2.420420e-05 4.456940e-05 5.531564e-05 9.165826e-05 1.695419e-04 2.107188e-04 3.542210e-04 6.456071e-04 8.080584e-04 1.292122e-03 2.134314e-03 2.542232e-03 3.964380e-03 7.078027e-03 
inf 2.647876 2.715280 2.786205 2.886743 2.967041 3.051934 3.172980 3.270259 3.373692 3.522229 3.561439 3.771303 3.957882 4.007448 4.275142 4.516547 4.581223 4.934587 5.259373 5.347542 5.837252 6.300599 6.426547 7.137715 7.818566 7.986643 8.933174 9.797285 10.004962 11.156013 
1.164846e-08 2.011647e-08 3.171267e-08 4.672738e-08 8.069084e-08 1.271603e-07 1.868799e-07 3.226462e-07 5.087530e-07 7.473551e-07 1.289717e-06 1.495399e-06 2.989903e-06 5.165001e-06 5.983975e-06 1.195534e-05 2.063989e-05 2.392422e-05 4.786108e-05 8.261676e-05 9.564156e-05 1.909344e-04 3.275610e-04 3.764109e-04 7.259180e-04 1.201918e-03 1.363943e-03 2.522324e-03 4.074924e-03 4.574889e-03 8.064577e-03 
2.551523 2.644089 2.718045 2.796256 2.907826 2.997555 3.093020 3.230268 3.341474 3.460574 3.632866 3.679730 3.933155 4.160223 4.218047 4.532619 4.818983 4.896337 5.323607 5.723268 5.832914 6.451346 7.051165 7.219172 8.191744 9.164528 9.426385 10.965799 12.474969 12.901041 15.713053 
1.167346e-08 2.016549e-08 3.173637e-08 4.675104e-08 8.068553e-08 1.270848e-07 1.869640e-07 3.226138e-07 5.084123e-07 7.479626e-07 1.290101e-06 1.495025e-06 2.988625e-06 5.160835e-06 5.979083e-06 1.197732e-05 2.066391e-05 2.393471e-05 4.787113e-05 8.262568e-05 9.570566e-05 1.909584e-04 3.283603e-04 3.780873e-04 7.322490e-04 1.216395e-03 1.381116e-03 2.547744e-03 4.139622e-03 4.645967e-03 8.140465e-03 
2.642565 2.741983 2.821599 2.905982 3.026690 3.124057 3.227945 3.377918 3.499957 3.630813 3.820650 3.873813 4.162152 4.419881 4.482443 4.822848 5.132330 5.216007 5.678956 6.113176 6.232502 6.907178 7.564043 7.748725 8.821051 9.899474 10.189847 11.905463 13.594283 14.071521 17.225238 
1.163912e-08 2.011364e-08 3.173423e-08 4.672038e-08 8.064162e-08 1.270592e-07 1.867926e-07 3.222876e-07 5.082814e-07 7.471809e-07 1.289887e-06 1.495020e-06 2.988662e-06 5.162085e-06 5.982705e-06 1.195119e-05 2.064794e-05 2.393874e-05 4.786096e-05 8.262739e-05 9.565202e-05 1.909370e-04 3.273603e-04 3.759895e-04 7.267700e-04 1.204404e-03 1.364437e-03 2.515144e-03 4.083886e-03 4.587497e-03 8.096495e-03 
inf 2.743562 2.866422 2.866422 3.000802 3.148401 3.148401 3.311272 3.491912 3.491912 3.693399 3.919562 3.919562 4.175229 4.466577 4.466577 4.801636 5.191040 5.191040 5.649178 6.196077 6.196077 6.860375 7.684958 7.684958 8.737910 10.139342 10.139342 12.123023 14.937556 14.937556 
8.603327e-09 1.722344e-08 3.441979e-08 3.441979e-08 6.879919e-08 1.377118e-07 1.377118e-07 2.752014e-07 5.504625e-07 5.504625e-07 1.101348e-06 2.201065e-06 2.201065e-06 4.402496e-06 8.812573e-06 8.812573e-06 1.761735e-05 3.524354e-05 3.524354e-05 7.050508e-05 1.410231e-04 1.410231e-04 2.817849e-04 5.640312e-04 5.640312e-04 1.126546e-03 2.248054e-03 2.248054e-03 4.461308e-03 8.043986e-03 8.043986e-03 
2.524201 2.633912 2.753590 2.753590 2.884660 3.028832 3.028832 3.188180 3.365218 3.365218 3.563074 3.785649 3.785649 4.037903 4.326163 4.326163 4.658782 5.046923 5.046923 5.504913 6.057353 6.057353 6.732912 7.569075 7.569075 8.645295 10.093153 10.093153 12.184168 15.245383 15.245383 
8.602923e-09 1.719866e-08 3.438599e-08 3.438599e-08 6.886420e-08 1.376073e-07 1.376073e-07 2.754019e-07 5.505804e-07 5.505804e-07 1.101869e-06 2.206035e-06 2.206035e-06 4.408089e-06 8.811624e-06 8.811624e-06 1.761568e-05 3.524432e-05 3.524432e-05 7.048391e-05 1.408573e-04 1.408573e-04 2.819321e-04 5.639695e-04 5.639695e-04 1.127619e-03 2.253221e-03 2.253221e-03 4.477388e-03 8.068956e-03 8.068956e-03 
2.583763 2.698826 2.824616 2.824616 2.962710 3.114996 3.114996 3.283797 3.471947 3.471947 3.683031 3.921477 3.921477 4.193024 4.506242 4.506242 4.868877 5.292303 5.292303 5.802105 6.411921 6.411921 7.135362 8.032167 8.032167 9.188719 10.755150 10.755150 13.028730 16.369154 16.369154 
8.607724e-09 1.721199e-08 3.442619e-08 3.442619e-08 6.879099e-08 1.376728e-07 1.376728e-07 2.752480e-07 5.503598e-07 5.503598e-07 1.101769e-06 2.201153e-06 2.201153e-06 4.403919e-06 8.812483e-06 8.812483e-06 1.762354e-05 3.524423e-05 3.524423e-05 7.049559e-05 1.409977e-04 1.409977e-04 2.818768e-04 5.637523e-04 5.637523e-04 1.126290e-03 2.249185e-03 2.249185e-03 4.461971e-03 8.032590e-03 8.032590e-03 
inf 6.145466 6.415685 6.700221 6.700221 7.008887 7.335422 7.335422 7.697661 8.083708 8.083708 8.510117 8.964493 8.964493 9.474793 10.018514 10.018514 10.634316 11.291882 11.291882 12.039258 12.841059 12.841059 13.749106 14.734311 14.734311 15.825589 16.971935 16.971935 18.290631 19.754413 
1.013054e-08 1.013054e-08 2.001735e-08 3.962536e-08 3.962536e-08 7.788266e-08 1.598317e-07 1.598317e-07 3.082475e-07 5.972421e-07 5.972421e-07 1.211429e-06 2.362578e-06 2.362578e-06 4.614686e-06 8.661753e-06 8.661753e-06 1.648713e-05 3.166726e-05 3.166726e-05 5.986809e-05 1.148023e-04 1.148023e-04 2.707740e-04 4.416861e-04 4.416861e-04 7.710992e-04 1.957057e-03 1.957057e-03 2.998503e-03 5.063714e-03 
6.940666 6.940666 7.375980 7.867028 7.867028 8.434889 9.094415 9.094415 9.852372 10.712786 10.712786 11.691968 12.840399 12.840399 14.210197 15.869187 15.869187 17.873740 20.296162 20.296162 23.265770 27.168597 27.168597 33.064409 43.858110 43.858110 66.705801 92.620036 92.620036 102.282956 109.928766 
1.122641e-08 1.122641e-08 2.223185e-08 4.402101e-08 4.402101e-08 8.689794e-08 1.721692e-07 1.721692e-07 3.410214e-07 6.729834e-07 6.729834e-07 1.321202e-06 2.573285e-06 2.573285e-06 4.961128e-06 9.477095e-06 9.477095e-06 1.804113e-05 3.424227e-05 3.424227e-05 6.334791e-05 1.155153e-04 1.155153e-04 1.998484e-04 3.208090e-04 3.208090e-04 5.160166e-04 8.949405e-04 8.949405e-04 1.685809e-03 3.208878e-03 
6.525882 6.525882 6.908406 7.331765 7.331765 7.806352 8.343234 8.343234 8.956015 9.660566 9.660566 10.475943 11.429930 11.429930 12.561552 13.920132 13.920132 15.559068 17.569752 17.569752 20.196471 23.905602 23.905602 29.097512 36.832955 36.832955 51.854310 73.009754 73.009754 82.481029 87.966221 
1.036508e-08 1.036508e-08 2.049325e-08 4.041816e-08 4.041816e-08 7.928845e-08 1.589559e-07 1.589559e-07 3.117876e-07 6.090300e-07 6.090300e-07 1.256545e-06 2.419870e-06 2.419870e-06 4.928963e-06 8.823933e-06 8.823933e-06 1.692986e-05 3.273329e-05 3.273329e-05 6.251054e-05 1.184557e-04 1.184557e-04 2.756848e-04 4.575048e-04 4.575048e-04 8.088598e-04 2.094832e-03 2.094832e-03 3.090250e-03 5.348590e-03 
